    1102       0
    1102       1
    1102       2
    1102       3
    1102       4
    1102       5
    1102       6
    1518       0
    1795       0
    2202       0
    2217       0
    2279       0
    2286       0
    2286       1
    2590       0
    2625       0
    2631       0
    2631       1
    2631       2
    2631       3
    2631       4
    2664       0
    2664       1
    2843       0
    2843       1
    2902       0
    2902       1
    3153       0
    3400       0
    3400       1
    3400       2
    3400       3
    3400       4
    3407       0
    3407       1
    3407       2
    3407       3
    3407       4
    3408       0
    3450       0
    3450       1
    3582       0
    3582       1
    3582       2
    3616       0
    3616       1
    3616       2
    3616       3
    3977       0
    3977       1
    3997       0
    3997       1
    4072       0
    4072       1
    4321       0
    4321       1
    4389       0
    4389       1
    4389       2
    4398       0
    4398       1
    4421       0
    4421       1
    4421       2
    4531       0
    4531       1
    4555       0
    4556       0
    4574       0
    4574       1
    4605       0
    4605       1
    4605       2
    4605       3
    4631       0
    4631       1
    4635       0
    4779       0
    4801       0
    4836       0
    5124       0
    5124       1
    5149       0
    5149       1
    5263       0
    5263       1
    5393       0
    5513       0
    5513       1
    5813       0
    6040       0
    6453       0
    6584       0
    6713       0
    6713       1
    6713       2
    7036       0
    7691       0
    7691       1
    7863       0
    7863       1
    7893       0
    7911       0
    7911       1
    8039       0
    8045       0
    8045       1
    8157       0
    8170       0
    8197       0
    8197       1
    8197       2
    8257       0
    8257       1
    8279       0
    8279       1
    8309       0
    8309       1
    8370       0
    8396       0
    8396       1
    8396       2
    8407       0
    8407       1
    8642       0
    8642       1
    8642       2
    8666       0
    8827       0
    8827       1
    8944       0
    9182       0
    9497       0
    9530       0
    9533       0
    9533       1
    9553       0
    9553       1
    9584       0
    9585       0
    9585       1
    9595       0
    9598       0
    9598       1
    9598       2
    9607       0
    9607       1
    9608       0
    9608       1
    9627       0
    9627       1
    9628       0
    9628       1
    9637       0
    9637       1
    9644       0
    9644       1
    9644       2
    9645       0
    9659       0
    9659       1
    9659       2
    9670       0
    9671       0
    9671       1
    9672       0
    9672       1
    9672       2
    9675       0
    9682       0
    9682       1
    9721       0
    9721       1
    9724       0
    9730       0
    9778       0
    9778       1
    9778       2
    9853       0
    9853       1
    9853       2
    9853       3
    9853       4
    9867       0
    9867       1
    9879       0
    9879       1
    9879       2
    9879       3
    9879       4
    9998       0
    9998       1
    9998       2
   10003       0
   10004       0
   10004       1
   10005       0
   10005       1
   10006       0
   10006       1
   10010       0
   10010       1
   10010       2
   10015       0
   10015       1
   10015       2
   10018       0
   10019       0
   10019       1
   10019       2
   10022       0
   10022       1
   10022       2
   10023       0
   10026       0
   10026       1
   10026       2
   10026       3
   10028       0
   10029       0
   10029       1
   10031       0
   10031       1
   10033       0
   10033       1
   10034       0
   10034       1
   10034       2
   10034       3
   10034       4
   10035       0
   10036       0
   10036       1
   10039       0
   10039       1
   10045       0
   10045       1
   10047       0
   10047       1
   10049       0
   10049       1
   10050       0
   10050       1
   10052       0
   10057       0
   10057       1
   10058       0
   10058       1
   10058       2
   10058       3
   10058       4
   10058       5
   10058       6
   10062       0
   10064       0
   10067       0
   10067       1
   10067       2
   10070       0
   10070       1
   10070       2
   10072       0
   10072       1
   10073       0
   10073       1
   10073       2
   10073       3
   10073       4
   10073       5
   10077       0
   10077       1
   10079       0
   10079       1
   10079       2
   10079       3
   10079       4
   10079       5
   10079       6
   10080       0
   10080       1
   10080       2
   10080       3
   10080       4
   10080       5
   10081       0
   10082       0
   10083       0
   10083       1
   10084       0
   10084       1
   10084       2
   10084       3
   10084       4
   10087       0
   10087       1
   10087       2
   10087       3
   10089       0
   10089       1
   10090       0
   10091       0
   10093       0
   10093       1
   10095       0
   10095       1
   10095       2
   10098       0
   10101       0
   10101       1
   10102       0
   10103       0
   10106       0
   10106       1
   10109       0
   10112       0
   10114       0
   10114       1
   10115       0
   10116       0
   10116       1
   10117       0
   10120       0
   10120       1
   10122       0
   10124       0
   10127       0
   10128       0
   10129       0
   10129       1
   10130       0
   10130       1
   10130       2
   10132       0
   10132       1
   10132       2
   10132       3
   10145       0
   10145       1
   10147       0
   10151       0
   10151       1
   10152       0
   10153       0
   10153       1
   10248       0
   10636       0
   10636       1
   10636       2
   10636       3
   10637       0
   10637       1
   10637       2
   10637       3
   10638       0
   10638       1
   10639       0
   10642       0
   10642       1
   10642       2
   10643       0
   10644       0
   10644       1
   10644       2
   10644       3
   10648       0
   10649       0
   10649       1
   10649       2
   10649       3
   10650       0
   10651       0
   10651       1
   10653       0
   10653       1
   10654       0
   10654       1
   10657       0
   10658       0
   10658       1
   10659       0
   10659       1
   10659       2
   10660       0
   10660       1
   10664       0
   10664       1
   10665       0
   10665       1
   10665       2
   10679       0
   10679       1
   10701       0
   10701       1
   10701       2
   10701       3
   10703       0
   10704       0
   10704       1
   10708       0
   10708       1
   10708       2
   10708       3
   10708       4
   10714       0
   10725       0
   10725       1
   10725       2
   10729       0
   10729       1
   10730       0
   10730       1
   10730       2
   10733       0
   10733       1
   10733       2
   10734       0
   10734       1
   10744       0
   10744       1
   10745       0
   10745       1
   10749       0
   10751       0
   10751       1
   10755       0
   10756       0
   10758       0
   10758       1
   10766       0
   10766       1
   10767       0
   10767       1
   10767       2
   10767       3
   10770       0
   10770       1
   10770       2
   10777       0
   10777       1
   10778       0
   10779       0
   10779       1
   10779       2
   10779       3
   10780       0
   10780       1
   10780       2
   10780       3
   10780       4
   10780       5
   10781       0
   10782       0
   10782       1
   10782       2
   10784       0
   10784       1
   10785       0
   10785       1
   10786       0
   10788       0
   10789       0
   10789       1
   10791       0
   10791       1
   10791       2
   10792       0
   10792       1
   10794       0
   10794       1
   10795       0
   10797       0
   10798       0
   10799       0
   10799       1
   10800       0
   10801       0
   10801       1
   10801       2
   10801       3
   10805       0
   10805       1
   10806       0
   10807       0
   10807       1
   10809       0
   10810       0
   10810       1
   10810       2
   10813       0
   10813       1
   10813       2
   10813       3
   10815       0
   10815       1
   10816       0
   10816       1
   10816       2
   10817       0
   10817       1
   10817       2
   10818       0
   10818       1
   10820       0
   10821       0
   10821       1
   10821       2
   10822       0
   10822       1
   10825       0
   10825       1
   10829       0
   10829       1
   10832       0
   10832       1
   10832       2
   10833       0
   10833       1
   10833       2
   10833       3
   10834       0
   10834       1
   10835       0
   10835       1
   10835       2
   10835       3
   10835       4
   10835       5
   10835       6
   10835       7
   10836       0
   10837       0
   10837       1
   10837       2
   10838       0
   10838       1
   10838       2
   10838       3
   10839       0
   10839       1
   10841       0
   10842       0
   10842       1
   10844       0
   10846       0
   10846       1
   10847       0
   10848       0
   10848       1
   10849       0
   10849       1
   10849       2
   10850       0
   10852       0
   10852       1
   10853       0
   10854       0
   10854       1
   10854       2
   10855       0
   10855       1
   10855       2
   10855       3
   10855       4
   10856       0
   10856       1
   10856       2
   10857       0
   10859       0
   10859       1
   10860       0
   10860       1
   10860       2
   10861       0
   10861       1
   10861       2
   10863       0
   10864       0
   10864       1
   10865       0
   10865       1
   10865       2
   10866       0
   10866       1
   10867       0
   10868       0
   10868       1
   10868       2
   10869       0
   10869       1
   10869       2
   10870       0
   10870       1
   10870       2
   10871       0
   10871       1
   10872       0
   10872       1
   10874       0
   10874       1
   10875       0
   10875       1
   10875       2
   10875       3
   10876       0
   10876       1
   10876       2
   10876       3
   10876       4
   10876       5
   10879       0
   10879       1
   10881       0
   10881       1
   10881       2
   10882       0
   10882       1
   10882       2
   10882       3
   10883       0
   10883       1
   10883       2
   10885       0
   10885       1
   10886       0
   10886       1
   10886       2
   10886       3
   10887       0
   10887       1
   10887       2
   10887       3
   10887       4
   10889       0
   10889       1
   10890       0
   10890       1
   10890       2
   10892       0
   10892       1
   10892       2
   10892       3
   10893       0
   10893       1
   10893       2
   10894       0
   10894       1
   10895       0
   10898       0
   10898       1
   10899       0
   10899       1
   10899       2
   10899       3
   10900       0
   10901       0
   10901       1
   10901       2
   10901       3
   10903       0
   10903       1
   10904       0
   10904       1
   10904       2
   10905       0
   10905       1
   10905       2
   10907       0
   10907       1
   10908       0
   10908       1
   10908       2
   10908       3
   10908       4
   10908       5
   10909       0
   10911       0
   10911       1
   10911       2
   10911       3
   10911       4
   10912       0
   10914       0
   10914       1
   10915       0
   10915       1
   10916       0
   10918       0
   10918       1
   10919       0
   10920       0
   10922       0
   10922       1
   10922       2
   10923       0
   10923       1
   10923       2
   10926       0
   10926       1
   10926       2
   10926       3
   10927       0
   10929       0
   10929       1
   10933       0
   10933       1
   10934       0
   10934       1
   10934       2
   10935       0
   10935       1
   10936       0
   10936       1
   10936       2
   10936       3
   10937       0
   10938       0
   10940       0
   10941       0
   10942       0
   10943       0
   10943       1
   10944       0
   10945       0
   10945       1
   10946       0
   10946       1
   10947       0
   10947       1
   10947       2
   10948       0
   10950       0
   10950       1
   10952       0
   10952       1
   10953       0
   10953       1
   10953       2
   10956       0
   10956       1
   10956       2
   10957       0
   10957       1
   10959       0
   10959       1
   10961       0
   10961       1
   10962       0
   10962       1
   10962       2
   10963       0
   10965       0
   10965       1
   10966       0
   10966       1
   10966       2
   10967       0
   10968       0
   10968       1
   10968       2
   10972       0
   10973       0
   10976       0
   10978       0
   10978       1
   10979       0
   10979       1
   10980       0
   10980       1
   10981       0
   10981       1
   10982       0
   10982       1
   10982       2
   10982       3
   10983       0
   10983       1
   10984       0
   10984       1
   10985       0
   10985       1
   10986       0
   10987       0
   10987       1
   10988       0
   10988       1
   10989       0
   10989       1
   10989       2
   10990       0
   10990       1
   10991       0
   10991       1
   10992       0
   10992       1
   11059       0
   11064       0
   11070       0
   11081       0
   11081       1
   11081       2
   11103       0
   11103       1
   11275       0
   11275       1
   11538       0
   11538       1
   11538       2
   11538       3
   11566       0
   11608       0
   11608       1
   11608       2
   11629       0
   11629       1
   11631       0
   11631       1
   11631       2
   11631       3
   11664       0
   11664       1
   11739       0
   11739       1
   11739       2
   11739       3
   11740       0
   11740       1
   11740       2
   11740       3
   11744       0
   11744       1
   11770       0
   11770       1
   11770       2
   11776       0
   11779       0
   11781       0
   11782       0
   11785       0
   11787       0
   11787       1
   11788       0
   11792       0
   11792       1
   11796       0
   11797       0
   11799       0
   11800       0
   11804       0
   11804       1
   11806       0
   11806       1
   11806       2
   11806       3
   11807       0
   11807       1
   11807       2
   11807       3
   11808       0
   11812       0
   11812       1
   11813       0
   11813       1
   11814       0
   11814       1
   11815       0
   11816       0
   11816       1
   11817       0
   11818       0
   11818       1
   11819       0
   11825       0
   11825       1
   11825       2
   11826       0
   11827       0
   11827       1
   11828       0
   11831       0
   11833       0
   11833       1
   11834       0
   11834       1
   11837       0
   11838       0
   11839       0
   11839       1
   11840       0
   11842       0
   11842       1
   11842       2
   11843       0
   11843       1
   11847       0
   11849       0
   11850       0
   11850       1
   11853       0
   11853       1
   11853       2
   11856       0
   11856       1
   11857       0
   11857       1
   11858       0
   11858       1
   11858       2
   11860       0
   11860       1
   11861       0
   11861       1
   11862       0
   11867       0
   11867       1
   11870       0
   11870       1
   11873       0
   11873       1
   11876       0
   11877       0
   11878       0
   11878       1
   11880       0
   11880       1
   11882       0
   11882       1
   11884       0
   11884       1
   11886       0
   11887       0
   11890       0
   11890       1
   11891       0
   11892       0
   11892       1
   11892       2
   11893       0
   11893       1
   11896       0
   11900       0
   11902       0
   11903       0
   11905       0
   11905       1
   11905       2
   11905       3
   11910       0
   11910       1
   11911       0
   11911       1
   11911       2
   11913       0
   11914       0
   11914       1
   11914       2
   11915       0
   11921       0
   11922       0
   11922       1
   11922       2
   11922       3
   11922       4
   11923       0
   11923       1
   11923       2
   11923       3
   11924       0
   11926       0
   11926       1
   11928       0
   11928       1
   11931       0
   11932       0
   11932       1
   11935       0
   11936       0
   11940       0
   11946       0
   11949       0
   11949       1
   11955       0
   11958       0
   11966       0
   11966       1
   11966       2
   11966       3
   11976       0
   11988       0
   11988       1
   11991       0
   11991       1
   12003       0
   12003       1
   12013       0
   12013       1
   12013       2
   12013       3
   12020       0
   12042       0
   12069       0
   12069       1
   12080       0
   12080       1
   12080       2
   12091       0
   12091       1
   12110       0
   12110       1
   12110       2
   12134       0
   12155       0
   12160       0
   12457       0
   12457       1
   12457       2
   12666       0
   12777       0
   12777       1
   12777       2
   12784       0
   12784       1
   12784       2
   12784       3
   12784       4
   12897       0
   12897       1
   12905       0
   12905       1
   12985       0
   12985       1
   12986       0
   12995       0
   12996       0
   12997       0
   12997       1
   13002       0
   13002       1
   13002       2
   13003       0
   13003       1
   13004       0
   13005       0
   13005       1
   13006       0
   13006       1
   13011       0
   13011       1
   13011       2
   13011       3
   13011       4
   13013       0
   13013       1
   13013       2
   13015       0
   13015       1
   13016       0
   13016       1
   13017       0
   13017       1
   13019       0
   13019       1
   13020       0
   13021       0
   13021       1
   13022       0
   13022       1
   13022       2
   13025       0
   13029       0
   13030       0
   13030       1
   13030       2
   13031       0
   13034       0
   13035       0
   13039       0
   13039       1
   13042       0
   13043       0
   13044       0
   13045       0
   13046       0
   13048       0
   13049       0
   13050       0
   13051       0
   13054       0
   13054       1
   13054       2
   13054       3
   13054       4
   13055       0
   13055       1
   13056       0
   13057       0
   13057       1
   13057       2
   13057       3
   13057       4
   13057       5
   13057       6
   13057       7
   13058       0
   13058       1
   13058       2
   13058       3
   13058       4
   13058       5
   13058       6
   13059       0
   13059       1
   13059       2
   13059       3
   13059       4
   13060       0
   13060       1
   13061       0
   13061       1
   13064       0
   13064       1
   13064       2
   13064       3
   13065       0
   13065       1
   13066       0
   13066       1
   13066       2
   13066       3
   13067       0
   13069       0
   13069       1
   13069       2
   13069       3
   13069       4
   13069       5
   13069       6
   13073       0
   13073       1
   13073       2
   13077       0
   13078       0
   13086       0
   13086       1
   13087       0
   13090       0
   13090       1
   13090       2
   13090       3
   13090       4
   13090       5
   13090       6
   13098       0
   13098       1
   13098       2
   13100       0
   13101       0
   13102       0
   13102       1
   13104       0
   13105       0
   13106       0
   13106       1
   13107       0
   13107       1
   13107       2
   13107       3
   13107       4
   13107       5
   13108       0
   13108       1
   13108       2
   13108       3
   13108       4
   13108       5
   13108       6
   13108       7
   13109       0
   13110       0
   13110       1
   13110       2
   13110       3
   13110       4
   13110       5
   13111       0
   13111       1
   13111       2
   13112       0
   13112       1
   13112       2
   13118       0
   13118       1
   13118       2
   13119       0
   13119       1
   13119       2
   13120       0
   13120       1
   13120       2
   13120       3
   13121       0
   13121       1
   13121       2
   13121       3
   13121       4
   13121       5
   13121       6
   13123       0
   13124       0
   13124       1
   13124       2
   13124       3
   13124       4
   13125       0
   13125       1
   13125       2
   13125       3
   13125       4
   13125       5
   13125       6
   13128       0
   13128       1
   13128       2
   13128       3
   13129       0
   13129       1
   13130       0
   13130       1
   13130       2
   13131       0
   13131       1
   13131       2
   13131       3
   13131       4
   13131       5
   13131       6
   13131       7
   13132       0
   13133       0
   13133       1
   13133       2
   13133       3
   13133       4
   13134       0
   13134       1
   13134       2
   13134       3
   13135       0
   13135       1
   13136       0
   13137       0
   13137       1
   13137       2
   13137       3
   13137       4
   13137       5
   13138       0
   13138       1
   13138       2
   13138       3
   13138       4
   13139       0
   13139       1
   13140       0
   13141       0
   13141       1
   13141       2
   13141       3
   13141       4
   13141       5
   13141       6
   13141       7
   13143       0
   13143       1
   13144       0
   13144       1
   13144       2
   13144       3
   13144       4
   13144       5
   13145       0
   13145       1
   13145       2
   13145       3
   13145       4
   13145       5
   13146       0
   13147       0
   13148       0
   13148       1
   13153       0
   13154       0
   13154       1
   13154       2
   13154       3
   13155       0
   13155       1
   13155       2
   13155       3
   13155       4
   13155       5
   13156       0
   13156       1
   13156       2
   13159       0
   13159       1
   13160       0
   13160       1
   13161       0
   13162       0
   13162       1
   13163       0
   13164       0
   13164       1
   13164       2
   13164       3
   13165       0
   13166       0
   13166       1
   13166       2
   13167       0
   13167       1
   13167       2
   13167       3
   13168       0
   13168       1
   13169       0
   13170       0
   13171       0
   13172       0
   13174       0
   13174       1
   13174       2
   13174       3
   13174       4
   13174       5
   13175       0
   13175       1
   13176       0
   13176       1
   13176       2
   13176       3
   13177       0
   13177       1
   13177       2
   13178       0
   13183       0
   13183       1
   13183       2
   13183       3
   13184       0
   13184       1
   13185       0
   13189       0
   13189       1
   13190       0
   13190       1
   13190       2
   13191       0
   13191       1
   13192       0
   13192       1
   13192       2
   13192       3
   13193       0
   13193       1
   13194       0
   13194       1
   13194       2
   13194       3
   13195       0
   13196       0
   13197       0
   13198       0
   13198       1
   13198       2
   13198       3
   13199       0
   13199       1
   13199       2
   13200       0
   13200       1
   13200       2
   13202       0
   13587       0
   13587       1
   13587       2
   13587       3
   13627       0
   13629       0
   13629       1
   13629       2
   13636       0
   13636       1
   13637       0
   13638       0
   13639       0
   13658       0
   13659       0
   13661       0
   13661       1
   13662       0
   13669       0
   13670       0
   13670       1
   13671       0
   13672       0
   13679       0
   13679       1
   13683       0
   13683       1
   13690       0
   13690       1
   13691       0
   13704       0
   13712       0
   13714       0
   13714       1
   13715       0
   13723       0
   13724       0
   13726       0
   13726       1
   13734       0
   13735       0
   13737       0
   13737       1
   13744       0
   13744       1
   13745       0
   13746       0
   13748       0
   13748       1
   13749       0
   13749       1
   13755       0
   13756       0
   13756       1
   13756       2
   13759       0
   13760       0
   13780       0
   13780       1
   13788       0
   13801       0
   13809       0
   13812       0
   13813       0
   13814       0
   13814       1
   13814       2
   13822       0
   13822       1
   13823       0
   13824       0
   13832       0
   13835       0
   13835       1
   13835       2
   13836       0
   13836       1
   13836       2
   13843       0
   13856       0
   13857       0
   13858       0
   13877       0
   13888       0
   13899       0
   13900       0
   13908       0
   13912       0
   13912       1
   13913       0
   13913       1
   13919       0
   13921       0
   13921       1
   13922       0
   13922       1
   13923       0
   13924       0
   13924       1
   13929       0
   13931       0
   13932       0
   13932       1
   13932       2
   13933       0
   13933       1
   13933       2
   13934       0
   13934       1
   13934       2
   13935       0
   13935       1
   13939       0
   13943       0
   13944       0
   13945       0
   13947       0
   13951       0
   13954       0
   13954       1
   13954       2
   13955       0
   13955       1
   13956       0
   13964       0
   13965       0
   13965       1
   13967       0
   13967       1
   13967       2
   13968       0
   13968       1
   13968       2
   13969       0
   13969       1
   13969       2
   13975       0
   13975       1
   13977       0
   13977       1
   13978       0
   13978       1
   13979       0
   13979       1
   13980       0
   13980       1
   13984       0
   13984       1
   13986       0
   13988       0
   13988       1
   13988       2
   13989       0
   13989       1
   13989       2
   13989       3
   13994       0
   13995       0
   13995       1
   13997       0
   13997       1
   13999       0
   13999       1
   13999       2
   14001       0
   14001       1
   14006       0
   14006       1
   14006       2
   14007       0
   14007       1
   14008       0
   14009       0
   14009       1
   14010       0
   14010       1
   14010       2
   14011       0
   14011       1
   14012       0
   14012       1
   14012       2
   14016       0
   14021       0
   14021       1
   14022       0
   14022       1
   14023       0
   14023       1
   14029       0
   14029       1
   14030       0
   14030       1
   14030       2
   14031       0
   14031       1
   14032       0
   14032       1
   14032       2
   14033       0
   14033       1
   14034       0
   14039       0
   14039       1
   14039       2
   14039       3
   14039       4
   14039       5
   14039       6
   14042       0
   14042       1
   14047       0
   14047       1
   14051       0
   14051       1
   14051       2
   14051       3
   14059       0
   14062       0
   14062       1
   14084       0
   14103       0
   14111       0
   14126       0
   14137       0
   14137       1
   14146       0
   14147       0
   14147       1
   14149       0
   14149       1
   14168       0
   14179       0
   14179       1
   14179       2
   14185       0
   14185       1
   14185       2
   14185       3
   14185       4
   14185       5
   14185       6
   14185       7
   14192       0
   14192       1
   14213       0
   14214       0
   14214       1
   14244       0
   14244       1
   14309       0
   14309       1
   14309       2
   14776       0
   14776       1
   14776       2
   14777       0
   14777       1
   14777       2
   14777       3
   14777       4
   14777       5
   14777       6
   14779       0
   14779       1
   14781       0
   14781       1
   14782       0
   14783       0
   14783       1
   14783       2
   14783       3
   14783       4
   14783       5
   14783       6
   14783       7
   14784       0
   14784       1
   14784       2
   14784       3
   14784       4
   14784       5
   14787       0
   14787       1
   14788       0
   14788       1
   14788       2
   14788       3
   14788       4
   14790       0
   14790       1
   14790       2
   14790       3
   14790       4
   14790       5
   14791       0
   14791       1
   14791       2
   14792       0
   14792       1
   14792       2
   14792       3
   14792       4
   14792       5
   14793       0
   14793       1
   14793       2
   14794       0
   14794       1
   14794       2
   14794       3
   14794       4
   14794       5
   14794       6
   14794       7
   14795       0
   14795       1
   14795       2
   14795       3
   14795       4
   14795       5
   14796       0
   14796       1
   14796       2
   14796       3
   14798       0
   14798       1
   14798       2
   14798       3
   14798       4
   14799       0
   14799       1
   14801       0
   14801       1
   14801       2
   14801       3
   14801       4
   14801       5
   14801       6
   14801       7
   14802       0
   14802       1
   14803       0
   14803       1
   14803       2
   14803       3
   14803       4
   14803       5
   14803       6
   14803       7
   14805       0
   14805       1
   14806       0
   14806       1
   14806       2
   14806       3
   14806       4
   14806       5
   14806       6
   14806       7
   14807       0
   14807       1
   14807       2
   14808       0
   14808       1
   14808       2
   14809       0
   14811       0
   14811       1
   14811       2
   14811       3
   14811       4
   14811       5
   14811       6
   14811       7
   14811       8
   14811       9
   14811      10
   14811      11
   14813       0
   14813       1
   14813       2
   14820       0
   14820       1
   14820       2
   14820       3
   14820       4
   14821       0
   14821       1
   14821       2
   14822       0
   14822       1
   14822       2
   14824       0
   14828       0
   14828       1
   14828       2
   14828       3
   14828       4
   14828       5
   14828       6
   14830       0
   14830       1
   14830       2
   14830       3
   14830       4
   14830       5
   14830       6
   14831       0
   14831       1
   14834       0
   14834       1
   14834       2
   14835       0
   14835       1
   14835       2
   14835       3
   14835       4
   14835       5
   14835       6
   14835       7
   14835       8
   14835       9
   14835      10
   14836       0
   14836       1
   14836       2
   14836       3
   14837       0
   14837       1
   14837       2
   14838       0
   14838       1
   14838       2
   14843       0
   14845       0
   14847       0
   14848       0
   14849       0
   14849       1
   14849       2
   14850       0
   14850       1
   14850       2
   14850       3
   14850       4
   14850       5
   14850       6
   14850       7
   14851       0
   14851       1
   14851       2
   14852       0
   14852       1
   14853       0
   14853       1
   14854       0
   14854       1
   14856       0
   14856       1
   14856       2
   14856       3
   14856       4
   14858       0
   14859       0
   14859       1
   14859       2
   14859       3
   14859       4
   14859       5
   14861       0
   14861       1
   14861       2
   14861       3
   14861       4
   14861       5
   14862       0
   14862       1
   14862       2
   14862       3
   14865       0
   14865       1
   14865       2
   14866       0
   14866       1
   14866       2
   14867       0
   14867       1
   14867       2
   14867       3
   14869       0
   14869       1
   14869       2
   14869       3
   14869       4
   14869       5
   14869       6
   14869       7
   14870       0
   14873       0
   14873       1
   14873       2
   14873       3
   14873       4
   14873       5
   14874       0
   14874       1
   14874       2
   14874       3
   14874       4
   14874       5
   14874       6
   14874       7
   14874       8
   14876       0
   14876       1
   14876       2
   14877       0
   14877       1
   14878       0
   14878       1
   14878       2
   14878       3
   14878       4
   14878       5
   14878       6
   14878       7
   14878       8
   14879       0
   14879       1
   14881       0
   14881       1
   14882       0
   14882       1
   14882       2
   14882       3
   14882       4
   14882       5
   14882       6
   14883       0
   14883       1
   14883       2
   14883       3
   14883       4
   14883       5
   14883       6
   14884       0
   14884       1
   14884       2
   14884       3
   14884       4
   14884       5
   14884       6
   14884       7
   14884       8
   14885       0
   14885       1
   14885       2
   14885       3
   14885       4
   14885       5
   14885       6
   14885       7
   14886       0
   14888       0
   14888       1
   14889       0
   14889       1
   14890       0
   14890       1
   14890       2
   14891       0
   14893       0
   14893       1
   14893       2
   14893       3
   14893       4
   14895       0
   14897       0
   14897       1
   14899       0
   14900       0
   14900       1
   14900       2
   14902       0
   14902       1
   14902       2
   14902       3
   14902       4
   14905       0
   14905       1
   14905       2
   14905       3
   14905       4
   14905       5
   14907       0
   14907       1
   14907       2
   14907       3
   14907       4
   14907       5
   14908       0
   14908       1
   14910       0
   14913       0
   14913       1
   14913       2
   14915       0
   14915       1
   14919       0
   14920       0
   14920       1
   14920       2
   14920       3
   14920       4
   14927       0
   14928       0
   14928       1
   14928       2
   14936       0
   14936       1
   14936       2
   14936       3
   14936       4
   14937       0
   14941       0
   14941       1
   14941       2
   14941       3
   14941       4
   14947       0
   14947       1
   14947       2
   14947       3
   14947       4
   14947       5
   14947       6
   14947       7
   14947       8
   14948       0
   14948       1
   14948       2
   14948       3
   14950       0
   14950       1
   14950       2
   14951       0
   14951       1
   14951       2
   14951       3
   14951       4
   14951       5
   14951       6
   14951       7
   14951       8
   14951       9
   14951      10
   14955       0
   14955       1
   14957       0
   14964       0
   14964       1
   14964       2
   14964       3
   14964       4
   14964       5
   14964       6
   14964       7
   14968       0
   14971       0
   14971       1
   14973       0
   14973       1
   14973       2
   14973       3
   14973       4
   14975       0
   14975       1
   14975       2
   14978       0
   14978       1
   14978       2
   14978       3
   14979       0
   14979       1
   14979       2
   14982       0
   14982       1
   14982       2
   14982       3
   14982       4
   14992       0
   14994       0
   14995       0
   14995       1
   14995       2
   14995       3
   14995       4
   14995       5
   14995       6
   14995       7
   14996       0
   14996       1
   14996       2
   14996       3
   14997       0
   14997       1
   14997       2
   14997       3
   14998       0
   14998       1
   15001       0
   15001       1
   15001       2
   15001       3
   15002       0
   15002       1
   15002       2
   15002       3
   15004       0
   15004       1
   15004       2
   15004       3
   15004       4
   15005       0
   15008       0
   15008       1
   15008       2
   15011       0
   15011       1
   15012       0
   15012       1
   15012       2
   15012       3
   15012       4
   15014       0
   15014       1
   15014       2
   15014       3
   15014       4
   15014       5
   15014       6
   15014       7
   15014       8
   15014       9
   15014      10
   15014      11
   15015       0
   15015       1
   15015       2
   15015       3
   15015       4
   15015       5
   15015       6
   15015       7
   15015       8
   15016       0
   15016       1
   15017       0
   15018       0
   15018       1
   15020       0
   15020       1
   15020       2
   15020       3
   15020       4
   15020       5
   15021       0
   15021       1
   15021       2
   15021       3
   15021       4
   15021       5
   15022       0
   15022       1
   15022       2
   15022       3
   15023       0
   15023       1
   15023       2
   15023       3
   15023       4
   15023       5
   15023       6
   15023       7
   15023       8
   15023       9
   15023      10
   15023      11
   15024       0
   15024       1
   15024       2
   15024       3
   15024       4
   15024       5
   15024       6
   15024       7
   15024       8
   15025       0
   15025       1
   15025       2
   15025       3
   15025       4
   15025       5
   15026       0
   15027       0
   15028       0
   15029       0
   15030       0
   15031       0
   15031       1
   15031       2
   15031       3
   15032       0
   15032       1
   15032       2
   15032       3
   15032       4
   15032       5
   15033       0
   15033       1
   15033       2
   15033       3
   15035       0
   15035       1
   15035       2
   15035       3
   15035       4
   15035       5
   15035       6
   15035       7
   15035       8
   15035       9
   15035      10
   15035      11
   15038       0
   15038       1
   15038       2
   15038       3
   15038       4
   15038       5
   15038       6
   15038       7
   15038       8
   15038       9
   15039       0
   15039       1
   15039       2
   15041       0
   15041       1
   15041       2
   15041       3
   15041       4
   15041       5
   15044       0
   15044       1
   15044       2
   15045       0
   15046       0
   15046       1
   15046       2
   15046       3
   15046       4
   15047       0
   15047       1
   15047       2
   15047       3
   15047       4
   15047       5
   15048       0
   15049       0
   15049       1
   15049       2
   15049       3
   15049       4
   15049       5
   15049       6
   15049       7
   15049       8
   15049       9
   15050       0
   15050       1
   15050       2
   15050       3
   15050       4
   15050       5
   15052       0
   15053       0
   15053       1
   15053       2
   15053       3
   15053       4
   15053       5
   15053       6
   15053       7
   15053       8
   15053       9
   15053      10
   15053      11
   15054       0
   15054       1
   15054       2
   15054       3
   15054       4
   15054       5
   15054       6
   15055       0
   15055       1
   15055       2
   15055       3
   15055       4
   15055       5
   15055       6
   15055       7
   15056       0
   15056       1
   15056       2
   15056       3
   15056       4
   15057       0
   15062       0
   15062       1
   15062       2
   15062       3
   15062       4
   15063       0
   15063       1
   15063       2
   15065       0
   15065       1
   15066       0
   15066       1
   15067       0
   15067       1
   15067       2
   15067       3
   15067       4
   15067       5
   15067       6
   15067       7
   15067       8
   15067       9
   15067      10
   15070       0
   15070       1
   15073       0
   15073       1
   15073       2
   15074       0
   15074       1
   15074       2
   15074       3
   15098       0
   15099       0
   15100       0
   15100       1
   15100       2
   15100       3
   15100       4
   15100       5
   15100       6
   15102       0
   15105       0
   15106       0
   15106       1
   15107       0
   15107       1
   15107       2
   15107       3
   15107       4
   15107       5
   15108       0
   15108       1
   15108       2
   15108       3
   15108       4
   15108       5
   15109       0
   15109       1
   15109       2
   15109       3
   15109       4
   15110       0
   15110       1
   15110       2
   15112       0
   15116       0
   15116       1
   15116       2
   15116       3
   15116       4
   15116       5
   15116       6
   15116       7
   15116       8
   15117       0
   15117       1
   15118       0
   15118       1
   15119       0
   15119       1
   15119       2
   15119       3
   15119       4
   15119       5
   15119       6
   15120       0
   15120       1
   15120       2
   15120       3
   15120       4
   15120       5
   15120       6
   15120       7
   15120       8
   15120       9
   15120      10
   15120      11
   15121       0
   15121       1
   15121       2
   15121       3
   15121       4
   15121       5
   15122       0
   15122       1
   15122       2
   15122       3
   15122       4
   15122       5
   15122       6
   15122       7
   15122       8
   15122       9
   15123       0
   15123       1
   15123       2
   15123       3
   15123       4
   15123       5
   15123       6
   15123       7
   15123       8
   15124       0
   15124       1
   15124       2
   15124       3
   15124       4
   15124       5
   15124       6
   15125       0
   15125       1
   15126       0
   15126       1
   15126       2
   15126       3
   15126       4
   15126       5
   15126       6
   15126       7
   15126       8
   15126       9
   15126      10
   15126      11
   15127       0
   15127       1
   15127       2
   15127       3
   15127       4
   15129       0
   15129       1
   15129       2
   15129       3
   15129       4
   15129       5
   15129       6
   15129       7
   15129       8
   15129       9
   15129      10
   15129      11
   15130       0
   15130       1
   15130       2
   15130       3
   15130       4
   15132       0
   15132       1
   15132       2
   15132       3
   15132       4
   15134       0
   15134       1
   15134       2
   15134       3
   15134       4
   15134       5
   15134       6
   15135       0
   15136       0
   15136       1
   15136       2
   15138       0
   15138       1
   15138       2
   15138       3
   15138       4
   15138       5
   15139       0
   15141       0
   15142       0
   15142       1
   15143       0
   15143       1
   15143       2
   15143       3
   15143       4
   15143       5
   15143       6
   15143       7
   15144       0
   15144       1
   15144       2
   15144       3
   15144       4
   15144       5
   15144       6
   15144       7
   15144       8
   15145       0
   15145       1
   15145       2
   15145       3
   15146       0
   15146       1
   15146       2
   15146       3
   15146       4
   15146       5
   15147       0
   15147       1
   15147       2
   15147       3
   15149       0
   15149       1
   15149       2
   15149       3
   15149       4
   15149       5
   15149       6
   15149       7
   15149       8
   15152       0
   15153       0
   15153       1
   15153       2
   15153       3
   15153       4
   15154       0
   15154       1
   15154       2
   15154       3
   15154       4
   15154       5
   15155       0
   15155       1
   15155       2
   15155       3
   15155       4
   15155       5
   15155       6
   15155       7
   15155       8
   15155       9
   15156       0
   15156       1
   15156       2
   15156       3
   15156       4
   15157       0
   15157       1
   15157       2
   15157       3
   15157       4
   15157       5
   15158       0
   15160       0
   15160       1
   15160       2
   15160       3
   15160       4
   15161       0
   15161       1
   15161       2
   15161       3
   15162       0
   15162       1
   15163       0
   15165       0
   15165       1
   15165       2
   15166       0
   15166       1
   15166       2
   15166       3
   15166       4
   15166       5
   15166       6
   15166       7
   15166       8
   15167       0
   15167       1
   15167       2
   15167       3
   15167       4
   15168       0
   15168       1
   15168       2
   15168       3
   15168       4
   15168       5
   15170       0
   15170       1
   15170       2
   15170       3
   15170       4
   15170       5
   15170       6
   15170       7
   15170       8
   15170       9
   15171       0
   15171       1
   15171       2
   15171       3
   15171       4
   15171       5
   15174       0
   15174       1
   15174       2
   15175       0
   15175       1
   15175       2
   15176       0
   15176       1
   15177       0
   15177       1
   15177       2
   15177       3
   15177       4
   15177       5
   15177       6
   15179       0
   15179       1
   15179       2
   15179       3
   15179       4
   15179       5
   15179       6
   15179       7
   15180       0
   15180       1
   15180       2
   15180       3
   15180       4
   15180       5
   15180       6
   15182       0
   15182       1
   15182       2
   15182       3
   15183       0
   15183       1
   15210       0
   15210       1
   15210       2
   15210       3
   15210       4
   15210       5
   15210       6
   15210       7
   15212       0
   15212       1
   15212       2
   15212       3
   15212       4
   15212       5
   15212       6
   15212       7
   15212       8
   15226       0
   15226       1
   15226       2
   15227       0
   15254       0
   15254       1
   15254       2
   15254       3
   15254       4
   15254       5
   15285       0
   15285       1
   15285       2
   15285       3
   15285       4
   15285       5
   15286       0
   15286       1
   15286       2
   15286       3
   15286       4
   15297       0
   15297       1
   15297       2
   15297       3
   15297       4
   15297       5
   15315       0
   15315       1
   15356       0
   15373       0
   15373       1
   15373       2
   15373       3
   15374       0
   15374       1
   15374       2
   15374       3
   15375       0
   15375       1
   15375       2
   15376       0
   15376       1
   15376       2
   15376       3
   15377       0
   15377       1
   15377       2
   15377       3
   15377       4
   15378       0
   15379       0
   15380       0
   15380       1
   15380       2
   15380       3
   15380       4
   15381       0
   15381       1
   15381       2
   15381       3
   15382       0
   15382       1
   15382       2
   15382       3
   15383       0
   15383       1
   15383       2
   15384       0
   15384       1
   15384       2
   15384       3
   15384       4
   15385       0
   15385       1
   15385       2
   15385       3
   15385       4
   15386       0
   15386       1
   15386       2
   15386       3
   15387       0
   15387       1
   15388       0
   15388       1
   15390       0
   15392       0
   15393       0
   15394       0
   15394       1
   15394       2
   15395       0
   15396       0
   15396       1
   15396       2
   15399       0
   15399       1
   15402       0
   15402       1
   15402       2
   15402       3
   15403       0
   15403       1
   15403       2
   15404       0
   15405       0
   15405       1
   15405       2
   15406       0
   15406       1
   15407       0
   15407       1
   15408       0
   15410       0
   15411       0
   15411       1
   15411       2
   15416       0
   15416       1
   15418       0
   15418       1
   15418       2
   15418       3
   15421       0
   15421       1
   15421       2
   15423       0
   15426       0
   15426       1
   15426       2
   15428       0
   15429       0
   15430       0
   15431       0
   15431       1
   15714       0
   15714       1
   15714       2
   15985       0
   16078       0
   16080       0
   16080       1
   16083       0
   16083       1
   16085       0
   16091       0
   16091       1
   16091       2
   16094       0
   16096       0
   16101       0
   16103       0
   16104       0
   16105       0
   16107       0
   16107       1
   16110       0
   16110       1
   16110       2
   16111       0
   16111       1
   16111       2
   16112       0
   16112       1
   16113       0
   16113       1
   16113       2
   16113       3
   16116       0
   16116       1
   16120       0
   16122       0
   16126       0
   16127       0
   16129       0
   16129       1
   16131       0
   16131       1
   16132       0
   16132       1
   16132       2
   16133       0
   16133       1
   16134       0
   16134       1
   16134       2
   16134       3
   16135       0
   16135       1
   16135       2
   16138       0
   16138       1
   16138       2
   16139       0
   16140       0
   16141       0
   16142       0
   16143       0
   16143       1
   16144       0
   16147       0
   16147       1
   16149       0
   16150       0
   16150       1
   16151       0
   16154       0
   16155       0
   16156       0
   16156       1
   16157       0
   16157       1
   16157       2
   16160       0
   16160       1
   16160       2
   16163       0
   16163       1
   16163       2
   16163       3
   16163       4
   16163       5
   16164       0
   16164       1
   16164       2
   16164       3
   16165       0
   16166       0
   16166       1
   16166       2
   16166       3
   16167       0
   16167       1
   16167       2
   16170       0
   16170       1
   16171       0
   16171       1
   16176       0
   16176       1
   16177       0
   16177       1
   16179       0
   16179       1
   16179       2
   16180       0
   16181       0
   16182       0
   16184       0
   16185       0
   16186       0
   16188       0
   16189       0
   16189       1
   16189       2
   16189       3
   16189       4
   16190       0
   16192       0
   16192       1
   16198       0
   16198       1
   16199       0
   16199       1
   16200       0
   16200       1
   16201       0
   16201       1
   16201       2
   16201       3
   16204       0
   16205       0
   16205       1
   16206       0
   16206       1
   16207       0
   16210       0
   16210       1
   16212       0
   16212       1
   16214       0
   16215       0
   16218       0
   16218       1
   16220       0
   16220       1
   16220       2
   16220       3
   16221       0
   16221       1
   16221       2
   16222       0
   16222       1
   16225       0
   16228       0
   16228       1
   16228       2
   16231       0
   16231       1
   16232       0
   16233       0
   16233       1
   16235       0
   16237       0
   16239       0
   16240       0
   16240       1
   16240       2
   16242       0
   16242       1
   16244       0
   16247       0
   16247       1
   16247       2
   16248       0
   16248       1
   16250       0
   16251       0
   16252       0
   16252       1
   16252       2
   16252       3
   16253       0
   16254       0
   16254       1
   16255       0
   16256       0
   16257       0
   16257       1
   16260       0
   16260       1
   16263       0
   16263       1
   16264       0
   16264       1
   16265       0
   16267       0
   16269       0
   16270       0
   16270       1
   16272       0
   16273       0
   16273       1
   16275       0
   16275       1
   16276       0
   16276       1
   16278       0
   16278       1
   16281       0
   16285       0
   16285       1
   16285       2
   16286       0
   16286       1
   16287       0
   16287       1
   16287       2
   16290       0
   16290       1
   16292       0
   16293       0
   16293       1
   16296       0
   16296       1
   16297       0
   16297       1
   16298       0
   16298       1
   16299       0
   16299       1
   16299       2
   16300       0
   16301       0
   16301       1
   16301       2
   16302       0
   16303       0
   16303       1
   16304       0
   16305       0
   16305       1
   16305       2
   16306       0
   16306       1
   16306       2
   16307       0
   16307       1
   16307       2
   16308       0
   16308       1
   16308       2
   16309       0
   16309       1
   16312       0
   16312       1
   16313       0
   16314       0
   16315       0
   16317       0
   16317       1
   16318       0
   16318       1
   16318       2
   16319       0
   16319       1
   16320       0
   16320       1
   16320       2
   16321       0
   16322       0
   16323       0
   16323       1
   16323       2
   16326       0
   16326       1
   16326       2
   16329       0
   16329       1
   16330       0
   16330       1
   16330       2
   16331       0
   16332       0
   16333       0
   16333       1
   16334       0
   16337       0
   16338       0
   16338       1
   16338       2
   16339       0
   16340       0
   16340       1
   16340       2
   16341       0
   16341       1
   16342       0
   16342       1
   16342       2
   16343       0
   16344       0
   16345       0
   16345       1
   16346       0
   16346       1
   16347       0
   16348       0
   16349       0
   16350       0
   16350       1
   16350       2
   16351       0
   16351       1
   16351       2
   16352       0
   16352       1
   16353       0
   16353       1
   16354       0
   16354       1
   16354       2
   16355       0
   16355       1
   16355       2
   16355       3
   16356       0
   16356       1
   16358       0
   16358       1
   16359       0
   16359       1
   16360       0
   16360       1
   16360       2
